4
24

5*
199
{2,7,19,29},{2,11,17,23},{3,5,23,29},{3,11,13,19},{5,7,13,17}

6*
253
{2,11,19,43,47},{2,17,23,29,37},{3,7,23,41,43},{3,13,19,31,37},{5,7,17,31,47},{5,11,13,29,41}

10:51:09 7*
8676
{2,29,31,41,43,47},{2,17,23,37,71,73},{3,13,19,41,67,73},{3,7,31,53,61,71},{5,11,23,29,61,67},{5,13,17,43,53,59},{7,11,19,37,47,59}

8
84839 
{2,17,19,29,43},{2,13,23,41,47},{3,11,23,31,43},{3,7,19,37,47},{5,7,17,31,41},{5,11,13,29,37}

12:44:07 9*
2356894141
{2,41,43,47,73,79,109,149},{2,29,37,59,89,97,107,131},{3,5,61,83,103,109,131,139},{3,13,67,71,73,89,101,127},{5,23,31,43,67,97,113,137},{7,11,19,71,83,107,113,149},{7,13,37,41,53,103,137,151},{11,17,29,31,61,79,127,151},{17,19,23,47,53,59,101,139}

28
1.37465273368185E+73
{2,83,89,97,239,409,439,659,773,877,1049,1151,1297,1609,1721,1871,1979,1987,2063,2089,2131,2153,2251,2399,2441,2539,2549},{2,19,431,541,613,631,643,691,911,941,967,1031,1193,1303,1367,1373,1429,1451,1523,1559,1597,1693,1777,1801,1847,2161,2287},{3,17,137,241,457,503,593,599,677,881,883,907,1117,1129,1459,1583,1789,2003,2161,2179,2239,2293,2333,2393,2459,2539,2557},{3,113,151,163,179,199,263,397,401,853,997,1051,1319,1709,1823,2137,2243,2287,2339,2351,2383,2389,2399,2437,2477,2521,2579},{5,199,307,347,467,479,491,499,587,601,647,757,823,1013,1021,1409,1439,1447,1597,1879,1913,1987,2011,2039,2099,2347,2557},{5,7,17,23,47,317,521,631,2203,2213,2269,2281,2377,2411,2417,2423,2447,2467,2473,2477,2503,2531,2543,2549,2551,2591,2593},{7,13,257,373,401,463,617,673,769,797,829,887,1171,1223,1237,1367,1637,1747,1787,1831,1867,2039,2069,2131,2273,2357,2393},{11,37,223,353,367,467,563,593,659,761,919,1009,1031,1087,1181,1283,1487,1489,1511,1699,1753,1949,1999,2069,2083,2389,2551},{11,109,113,311,349,523,601,733,739,751,839,859,991,1093,1231,1277,1301,1399,1429,1607,1613,1831,1979,2081,2293,2309,2377},{13,29,137,293,379,547,557,757,773,809,827,863,919,1229,1259,1301,1303,1571,1667,1861,1901,1951,2017,2129,2237,2351,2543},{19,41,71,79,313,439,463,487,503,701,1063,1511,1531,1553,1571,1601,1723,1889,2027,2081,2099,2111,2137,2141,2207,2269,2311},{23,29,263,337,419,449,487,563,569,719,787,857,953,1061,1091,1153,1213,1423,1451,1759,1993,2053,2309,2347,2357,2441,2459},{31,67,73,127,373,599,709,719,727,739,823,827,983,1217,1321,1361,1487,1493,1601,1741,1777,1873,1877,1933,2089,2243,2447},{31,101,131,151,293,367,383,521,641,653,1091,1109,1291,1307,1373,1427,1447,1459,1499,1607,1637,1697,1871,2113,2141,2341,2371},{37,127,167,181,197,229,433,619,743,821,853,953,1019,1069,1193,1223,1327,1399,1499,1583,1913,1951,2153,2267,2311,2381,2473},{41,47,239,271,283,353,379,421,431,571,727,997,1103,1277,1327,1381,1453,1481,1783,1907,2011,2053,2113,2143,2221,2273,2333},{43,107,197,233,383,421,491,509,523,541,811,929,937,1009,1049,1187,1361,1553,1579,1627,1667,1759,1787,1789,2029,2579,2593},{43,97,163,211,223,313,359,389,607,691,977,1019,1217,1229,1289,1549,1613,1621,1657,1697,1783,1867,1879,1993,2003,2087,2213},{53,157,179,227,233,251,331,433,461,577,701,1093,1129,1171,1423,1427,1439,1481,1621,1693,1721,1873,1997,1999,2237,2297,2467},{53,61,79,229,283,389,587,643,673,733,929,971,1123,1153,1163,1181,1201,1321,1483,1619,1663,1901,2063,2239,2341,2423,2437},{59,73,149,281,479,571,577,619,641,751,769,907,1039,1051,1187,1201,1213,1249,1279,1283,1289,1297,1811,1847,2017,2207,2591},{59,103,173,191,251,269,443,457,743,809,839,857,887,1021,1109,1319,1523,1549,1619,1627,1877,1907,1949,1973,2027,2251,2411},{61,139,157,193,269,317,359,709,787,797,863,883,991,1013,1069,1097,1307,1543,1609,1669,1699,1709,1801,1811,2029,2111,2143},{67,71,89,149,191,193,419,647,829,859,881,911,977,1453,1471,1483,1567,1579,1733,1753,1823,1861,1931,1997,2267,2371,2503},{83,107,277,281,397,443,449,461,661,821,941,983,1033,1063,1097,1117,1231,1237,1259,1291,1381,1409,1489,1657,1663,1931,2281},{101,139,167,211,271,347,349,409,557,617,811,947,1033,1061,1087,1123,1249,1433,1493,1531,1559,1567,1973,2179,2297,2521,2531},{103,109,131,227,257,499,547,569,613,661,677,683,761,877,937,947,1163,1279,1669,1733,1889,1933,2087,2221,2381,2383,2417},{173,181,241,277,307,311,331,337,509,607,653,683,967,971,1039,1103,1151,1433,1471,1543,1723,1741,1747,2083,2129,2203,2339}